a <- 0.04
b <- 0.08

a+b-(a*b)